Predictions
-8.100617508611334
4.052159405940305
12.049875427624364
-9.327049362638427
7.3327723474288184
6.1993211510074655
-1.9090289465304768
-3.290640643866755
-0.3823900065253709
-1.98554454499866
-2.1478523771735776
-3.503969555390396
-5.936384651546346
0.6013133188097113
10.835851600293344
1.0654340260300335
0.6832161449826417
-3.123925097014236
-4.390116277373098
22.018462539054184
1.3193623389882168
-1.402888930274219
-4.9293875658366755
3.872804126628636
-2.062672512694704
-9.040719905143572
8.338015529992184
-6.299648454351617
2.1107252992572128
-5.472681753479698
9.579599756594956
-2.577999611065993
-3.744496983678689
-1.5413003272175279
-10.07905031422843
-5.257820842293295
-10.006471653884716
-5.3233555269143515
-2.563339061212393
-2.6505415551607006
15.700502890233413
-6.329667209479457
-3.3753395879703763
-0.6686906082526929
-7.946542921490963
-3.2479412844865814
-8.860287268591685
-10.995535673607325
-2.094922282767006
0.6618361607595171
-13.951582374105877
-0.25014655063248803
-5.883436473817227
-6.995943884363616
1.1856112457926864
6.753553868418981
13.75575223079081
-4.971059337867747
16.84446381996804
-2.542471270755177
8.145470062819594
26.1186558805804
2.65632273336267
-0.3417431042316834
-0.6962699733394833
17.225162422753453
-6.566321648177782
13.450242842181645
10.840405341017528
5.820085785409461
4.196015503762195
-3.0104432598621806
0.30588813675453697
6.693790778293382
17.358582810867492
3.1447149112131036
-7.521611583972236
-4.56526846273697
6.676434359407033
-2.766148577956194
-0.2220991667577379
0.26383423264291883
-11.328528957685789
1.3582590919579052
10.587696491895887
14.866655560781014
3.8184471916361162
-1.198063465701447
2.0562502020276585
-6.076146728795763
3.864784022824687
0.7210101632481378
25.464355405667302
8.998967328386708
-4.70592063576521
4.483953329889678
-3.0378403049681117
10.659082892355151
10.657005201759693
22.982674095784038
